#DataThief /Users/villaa/./trello/PIC1_DAMIC_excess.png Thursday 20-Jul-2023 11:20:01 AM
72.7372, 1.4433
72.9412, 1.4845
73.1456, 1.4845
73.35, 1.4845
73.3504, 1.4433
73.5552, 1.4021
73.7595, 1.4021
73.9639, 1.4021
74.1682, 1.4021
74.3726, 1.4021
74.577, 1.4021
74.7812, 1.4021
74.9857, 1.4021
75.19, 1.4021
75.3944, 1.4021
75.5988, 1.4021
75.8031, 1.4021
76.0075, 1.4021
76.2114, 1.4433
76.4158, 1.4433
76.62, 1.4433
76.8245, 1.4433
77.0293, 1.4021
77.2336, 1.4021
77.438, 1.4021
77.6423, 1.4021
77.8467, 1.4021
78.0511, 1.4021
78.2554, 1.4021
78.4598, 1.4021
78.4594, 1.4433
78.6637, 1.4433
78.8681, 1.4433
79.0724, 1.4433
79.2768, 1.4433
79.4812, 1.4433
79.6855, 1.4433
79.8899, 1.4433
80.0942, 1.4433
80.2986, 1.4433
80.503, 1.4433
80.7073, 1.4433
80.9117, 1.4433
81.116, 1.4433
81.3204, 1.4433
81.5252, 1.4021
81.7295, 1.4021
81.9339, 1.4021
82.1383, 1.4021
82.3426, 1.4021
82.547, 1.4021
82.7513, 1.4021
82.9557, 1.4021
83.1601, 1.4021
83.3644, 1.4021
83.5688, 1.4021
83.7731, 1.4021
83.9775, 1.4021
84.1819, 1.4021
84.3862, 1.4021
84.5906, 1.4021
84.7949, 1.4021
84.9992, 1.4021
85.2037, 1.4021
85.408, 1.4021
85.6124, 1.4021
85.8167, 1.4021
86.0211, 1.4021
86.0215, 1.3608
86.2259, 1.3608
86.4302, 1.3608
86.6346, 1.3608
86.8385, 1.4021
87.0429, 1.4021
87.2473, 1.4021
87.4516, 1.4021
87.656, 1.4021
87.8603, 1.4021
88.0647, 1.4021
88.2691, 1.4021
88.4734, 1.4021
88.6778, 1.4021
88.882, 1.4021
89.0865, 1.4021
89.2909, 1.4021
89.4952, 1.4021
89.6996, 1.4021
89.9039, 1.4021
90.1083, 1.4021
90.3131, 1.3608
90.5173, 1.3608
90.7218, 1.3608
90.9261, 1.3608
91.1305, 1.3608
91.3349, 1.3608
91.5392, 1.3608
91.7436, 1.3608
91.9479, 1.3608
92.1522, 1.3608
92.3567, 1.3608
92.561, 1.3608
92.7654, 1.3608
92.9697, 1.3608
93.1741, 1.3608
93.3785, 1.3608
93.5828, 1.3608
93.5832, 1.3195
93.7875, 1.3195
93.992, 1.3195
94.1963, 1.3195
94.4003, 1.3608
94.6046, 1.3608
94.809, 1.3608
95.0133, 1.3608
95.2177, 1.3608
95.4221, 1.3608
95.6263, 1.3608
95.8308, 1.3608
96.0351, 1.3608
96.2395, 1.3608
96.4439, 1.3608
96.6482, 1.3608
96.8526, 1.3608
97.0569, 1.3608
97.2612, 1.3608
97.4657, 1.3608
97.67, 1.3608
97.8744, 1.3608
98.0787, 1.3608
98.2831, 1.3608
98.4875, 1.3608
98.6918, 1.3608
98.8961, 1.3608
99.1005, 1.3608
99.3049, 1.3608
99.5093, 1.3608
99.7136, 1.3608
99.918, 1.3608
100.1223, 1.3608
100.3263, 1.4021
100.5306, 1.4021
100.7349, 1.4021
100.9394, 1.4021
100.9388, 1.4433
101.1433, 1.4433
101.3477, 1.4433
101.552, 1.4433
101.7568, 1.4021
101.9612, 1.4021
102.1655, 1.4021
102.3699, 1.4021
102.5742, 1.4021
102.7786, 1.4021
102.9828, 1.4021
103.1873, 1.4021
103.3917, 1.4021
103.596, 1.4021
103.8004, 1.4021
104.0047, 1.4021
104.2091, 1.4021
104.4135, 1.4021
104.6178, 1.4021
104.8222, 1.4021
105.0265, 1.4021
105.2309, 1.4021
105.4353, 1.4021
105.6396, 1.4021
105.8439, 1.4021
106.0483, 1.4021
106.2527, 1.4021
106.4571, 1.4021
106.6614, 1.4021
106.8662, 1.3608
107.0706, 1.3608
107.2749, 1.3608
107.4793, 1.3608
107.6836, 1.3608
107.888, 1.3608
108.0924, 1.3608
108.2967, 1.3608
108.5011, 1.3608
108.5015, 1.3195
108.7059, 1.3195
108.9102, 1.3195
109.1146, 1.3195
109.3185, 1.3608
109.5229, 1.3608
109.7271, 1.3608
109.9316, 1.3608
110.136, 1.3608
110.3403, 1.3608
110.5447, 1.3608
110.749, 1.3608
110.9534, 1.3608
111.1578, 1.3608
111.362, 1.3608
111.5665, 1.3608
111.7708, 1.3608
111.9752, 1.3608
112.1796, 1.3608
112.3839, 1.3608
112.5883, 1.3608
112.7926, 1.3608
112.9969, 1.3608
113.2014, 1.3608
113.4057, 1.3608
113.6101, 1.3608
113.8144, 1.3608
114.0188, 1.3608
114.2232, 1.3608
114.4275, 1.3608
114.6319, 1.3608
114.8362, 1.3608
115.0406, 1.3608
115.245, 1.3608
115.4493, 1.3608
115.6537, 1.3608
115.858, 1.3608
116.0624, 1.3608
116.2667, 1.3608
116.4711, 1.3608
116.6755, 1.3608
116.8798, 1.3608
117.0842, 1.3608
117.2885, 1.3608
117.4929, 1.3608
117.6973, 1.3608
117.9016, 1.3608
118.106, 1.3608
118.3103, 1.3608
118.5147, 1.3608
118.7191, 1.3608
118.9234, 1.3608
119.1278, 1.3608
119.3321, 1.3608
119.5365, 1.3608
119.7409, 1.3608
119.9452, 1.3608
120.1496, 1.3608
120.3538, 1.3608
120.5583, 1.3608
120.7627, 1.3608
120.967, 1.3608
121.1714, 1.3608
121.3757, 1.3608
121.58, 1.3608
121.7845, 1.3608
121.9888, 1.3608
122.1932, 1.3608
122.3975, 1.3608
122.6019, 1.3608
122.8063, 1.3608
123.0106, 1.3608
123.215, 1.3608
123.4193, 1.3608
123.4189, 1.4021
123.6233, 1.4021
123.8276, 1.4021
124.032, 1.4021
124.2368, 1.3608
124.4411, 1.3608
124.6455, 1.3608
124.8498, 1.3608
125.0542, 1.3608
125.2586, 1.3608
125.4628, 1.3608
125.6673, 1.3608
125.8712, 1.4021
126.0756, 1.4021
126.28, 1.4021
126.4843, 1.4021
126.6886, 1.4021
126.893, 1.4021
127.0974, 1.4021
127.3018, 1.4021
127.5061, 1.4021
127.7105, 1.4021
127.9148, 1.4021
128.1192, 1.4021
128.3235, 1.4021
128.5279, 1.4021
128.7323, 1.4021
128.9365, 1.4021
129.141, 1.4021
129.3453, 1.4021
129.5497, 1.4021
129.7541, 1.4021
129.9584, 1.4021
130.1628, 1.4021
130.3671, 1.4021
130.5715, 1.4021
130.7759, 1.4021
130.9802, 1.4021
130.9806, 1.3608
131.185, 1.3608
131.3894, 1.3608
131.5937, 1.3608
131.7976, 1.4021
132.002, 1.4021
132.2064, 1.4021
132.4107, 1.4021
132.6151, 1.4021
132.8195, 1.4021
133.0238, 1.4021
133.2282, 1.4021
133.4325, 1.4021
133.6369, 1.4021
133.8413, 1.4021
134.0456, 1.4021
134.25, 1.4021
134.4543, 1.4021
134.6587, 1.4021
134.8631, 1.4021
135.0674, 1.4021
135.2718, 1.4021
135.4761, 1.4021
135.6804, 1.4021
135.8849, 1.4021
136.0892, 1.4021
136.2936, 1.4021
136.4979, 1.4021
136.7023, 1.4021
136.9066, 1.4021
137.111, 1.4021
137.3154, 1.4021
137.5197, 1.4021
137.7241, 1.4021
137.9285, 1.4021
138.1328, 1.4021
138.3372, 1.4021
138.3376, 1.3608
138.542, 1.3608
138.7463, 1.3608
138.9506, 1.3608
139.1546, 1.4021
139.359, 1.4021
139.5633, 1.4021
139.7677, 1.4021
139.972, 1.4021
140.1764, 1.4021
140.3808, 1.4021
140.5851, 1.4021
140.7894, 1.4021
140.9938, 1.4021
141.1982, 1.4021
141.4026, 1.4021
141.6069, 1.4021
141.8113, 1.4021
142.0156, 1.4021
142.22, 1.4021
142.4243, 1.4021
142.6287, 1.4021
142.8331, 1.4021
143.0374, 1.4021
143.2418, 1.4021
143.4462, 1.4021
143.6505, 1.4021
143.8549, 1.4021
144.0592, 1.4021
144.2636, 1.4021
144.468, 1.4021
144.6723, 1.4021
144.8767, 1.4021
145.081, 1.4021
145.2854, 1.4021
145.4898, 1.4021
145.6941, 1.4021
145.8984, 1.4021
145.8989, 1.3608
146.1033, 1.3608
146.3075, 1.3608
146.512, 1.3608
146.7159, 1.4021
146.9203, 1.4021
147.1246, 1.4021
147.329, 1.4021
147.5333, 1.4021
147.7377, 1.4021
147.9421, 1.4021
148.1464, 1.4021
148.3508, 1.4021
148.5552, 1.4021
148.7595, 1.4021
148.9639, 1.4021
149.1687, 1.3608
149.373, 1.3608
